3 2
2 3 3 1
4 3
3 4 2 3 2 1 
5 4
4 1 3 5 5 2 4 3 
20 19
4 9 14 4 11 20 16 1 13 12 15 17 2 8 18 19 18 3 18 14 15 13 14 6 18 7 18 16 15 10 18 2 2 5 2 15 18 11 
100 159
28 40 50 72 93 42 95 1 100 56 21 68 8 14 7 37 50 74 22 82 91 26 84 90 19 51 93 21 91 85 66 63 90 99 70 6 92 32 24 5 83 77 31 56 82 45 64 23 99 34 57 14 92 47 50 89 99 23 87 96 30 69 27 43 70 31 18 1 83 58 84 38 13 71 43 17 4 52 19 76 51 49 87 32 59 81 50 56 68 50 73 70 1 90 97 92 97 21 56 53 70 10 24 14 31 82 34 18 63 28 52 37 69 93 77 18 99 25 32 29 83 7 56 42 17 9 25 48 1 71 12 61 32 76 63 25 33 44 94 61 44 59 93 91 83 25 90 42 43 53 4 58 99 80 96 30 23 34 100 82 68 43 54 24 16 75 49 16 98 97 74 56 61 60 73 43 81 9 39 86 75 7 55 2 44 67 34 39 82 60 56 5 68 33 88 90 71 51 4 74 55 1 83 23 91 80 64 49 55 30 85 92 52 8 96 100 81 42 80 62 10 48 80 24 9 96 24 69 53 78 26 14 60 98 48 34 51 24 66 2 24 26 72 60 78 34 47 3 52 9 9 79 18 58 95 41 60 99 54 90 53 24 99 73 1 39 6 49 16 87 7 14 92 90 90 75 28 48 67 85 60 44 34 43 95 73 80 31 36 70 20 4 18 60 55 94 91 88 81 11 87 30 70 64 51 48 65 32 63 72 24 52 62 77 1 84 95 49 
181 322
75 180 32 47 73 39 70 39 36 146 40 74 38 94 144 38 28 156 3 158 173 138 45 27 142 18 166 129 41 151 72 88 70 168 157 39 70 95 110 84 134 179 40 87 178 78 126 82 35 30 164 98 51 87 16 82 103 64 55 71 35 50 13 8 104 7 32 119 98 115 20 110 40 19 81 177 163 118 109 75 89 37 32 81 172 60 57 119 102 99 41 86 48 96 169 150 133 143 147 160 25 109 133 156 149 130 49 100 47 16 65 42 173 31 102 152 31 65 72 51 142 172 145 179 157 71 19 99 116 113 180 154 144 135 158 122 176 156 172 168 104 45 10 177 112 109 113 120 144 26 155 48 75 128 135 139 42 177 59 68 44 16 25 81 125 13 29 84 54 104 50 18 173 107 63 170 81 119 25 11 14 94 172 64 64 84 100 170 73 106 70 41 124 36 114 138 40 32 32 62 14 170 114 124 77 9 155 68 172 102 178 104 47 169 173 79 165 66 125 31 132 4 161 49 144 83 126 16 76 7 54 75 44 39 100 66 136 41 45 69 11 146 157 13 166 52 97 94 48 99 124 137 32 165 78 46 160 123 28 82 89 151 178 133 88 180 54 139 74 132 165 9 109 156 157 91 134 145 87 102 129 50 149 57 12 133 113 176 136 151 165 19 88 58 58 131 67 9 37 151 41 96 104 96 144 169 44 86 164 148 129 47 142 84 149 63 105 42 2 96 100 154 147 106 155 164 158 179 58 85 135 19 125 53 143 163 116 140 41 101 97 141 71 115 70 60 97 29 44 135 108 66 24 124 68 120 77 37 42 79 98 14 45 36 18 146 114 132 33 59 124 84 155 91 12 130 25 79 62 66 173 41 145 113 22 18 157 65 53 52 149 141 26 52 133 107 35 52 68 21 22 23 114 169 67 61 100 132 98 158 136 83 7 10 140 37 141 47 133 52 121 105 31 89 136 86 141 18 58 177 101 61 74 61 167 179 68 86 54 74 96 132 67 107 115 8 126 29 17 102 45 71 12 77 127 139 35 126 2 13 143 50 61 78 63 143 133 176 69 167 141 122 173 85 178 10 166 56 118 138 109 69 20 163 59 104 129 177 80 82 75 179 106 4 111 68 105 115 81 58 55 64 73 163 155 117 111 14 29 122 32 50 74 10 61 42 117 93 126 42 73 89 21 179 49 121 103 96 57 101 1 74 149 17 18 7 85 107 127 99 136 28 63 76 32 177 70 26 124 153 59 127 50 158 77 175 14 119 106 181 126 120 163 152 129 86 101 177 54 37 128 7 3 117 110 69 113 68 66 79 101 94 13 27 114 65 162 97 173 77 32 163 116 47 123 139 109 90 53 85 104 118 176 107 111 67 133 48 96 179 99 46 155 46 122 56 18 65 143 2 88 152 153 62 145 74 113 123 123 42 133 21 127 2 3 34 30 38 75 127 181 151 141 108 
398 570
94 288 267 62 118 44 189 199 279 397 341 292 211 269 186 226 383 196 130 167 358 207 200 176 44 199 333 207 60 328 71 103 118 331 192 317 357 393 355 12 383 176 278 256 346 321 213 381 322 367 129 298 251 23 320 168 330 307 15 258 141 195 362 230 170 34 132 316 398 199 1 163 181 106 37 72 313 132 144 103 232 137 139 56 385 251 375 333 42 264 376 193 60 21 322 148 117 98 152 241 38 53 154 77 225 311 204 380 294 12 92 197 51 240 309 186 32 5 157 91 78 365 283 239 22 217 327 293 365 146 233 338 71 352 215 22 248 196 148 204 17 369 341 287 233 87 252 258 252 320 68 192 4 190 25 391 139 115 5 193 149 244 171 269 105 264 263 65 249 5 209 64 163 255 254 101 366 289 19 242 267 274 142 268 318 105 26 139 198 256 189 268 362 62 280 246 114 55 243 298 27 292 19 364 164 386 82 318 189 3 31 364 206 303 357 372 96 57 74 272 178 312 130 125 160 125 177 51 334 397 23 226 58 79 359 93 129 42 90 319 388 391 284 201 126 173 7 66 203 232 301 204 75 243 33 306 209 77 173 225 51 369 371 266 335 36 270 356 320 255 304 183 330 347 75 321 22 100 237 156 178 86 222 364 208 104 95 302 157 187 82 396 184 8 358 60 101 175 397 225 55 59 150 258 255 91 125 20 34 185 15 301 253 47 164 77 31 7 320 81 160 192 96 380 224 379 129 226 331 21 261 102 48 225 15 196 215 217 55 36 394 223 142 157 379 317 126 132 105 311 51 106 94 217 329 10 61 35 152 230 127 71 233 34 186 187 373 182 72 347 89 173 89 276 17 395 179 84 155 341 292 134 288 273 129 146 24 104 265 155 360 204 131 85 59 333 61 154 153 216 166 312 203 235 391 161 138 62 92 262 219 72 268 232 301 44 261 370 54 265 274 299 209 52 192 106 123 277 7 384 308 74 327 86 210 201 118 338 34 222 389 171 23 393 126 213 238 207 359 52 338 319 375 289 80 350 89 392 198 151 275 15 305 59 228 69 178 105 61 305 339 319 143 259 223 261 237 213 22 246 46 292 116 194 136 323 128 36 275 276 78 305 111 238 280 71 97 85 211 167 149 238 13 295 215 336 15 373 301 50 334 302 391 99 276 131 126 41 237 109 234 125 320 145 170 294 324 314 120 180 7 12 58 97 105 337 150 84 243 187 94 164 121 146 353 292 290 364 283 8 72 137 220 74 385 298 278 154 252 285 81 245 184 9 52 87 4 329 6 295 222 257 18 238 236 134 92 32 108 12 173 264 237 223 267 79 336 57 92 347 293 261 195 298 270 198 252 207 283 338 314 52 383 131 326 106 177 259 311 199 33 9 382 130 309 71 390 226 387 374 191 204 31 221 224 281 283 100 173 90 224 111 313 378 349 5 289 135 332 182 81 336 104 9 366 174 117 168 312 154 182 341 366 182 360 258 71 57 243 132 369 372 73 74 250 87 148 232 329 282 185 391 349 269 179 43 14 276 186 244 397 255 179 156 156 238 100 145 61 292 171 392 35 187 290 41 124 254 269 87 379 355 326 292 46 131 230 90 211 388 290 391 291 148 111 223 275 301 133 136 33 41 278 186 33 1 307 141 68 148 239 43 326 8 21 343 254 305 42 294 327 112 90 132 198 175 94 138 145 378 255 284 54 98 213 231 166 250 206 231 14 369 350 44 147 104 396 232 301 347 357 55 183 35 78 67 118 20 139 311 377 372 189 143 61 245 202 2 88 210 389 257 233 119 295 231 89 22 322 272 320 348 155 29 254 107 343 187 217 365 233 158 19 137 64 187 270 259 96 91 76 211 251 176 94 341 353 107 307 134 127 12 164 104 177 106 265 227 335 266 12 256 227 157 362 17 256 235 270 318 344 255 222 59 142 243 233 179 383 162 290 105 345 80 3 101 105 256 219 196 362 99 190 97 360 132 82 28 288 51 345 173 373 244 2 272 126 143 32 255 138 101 152 311 150 87 200 188 336 98 334 322 332 83 290 35 181 214 381 168 245 193 237 375 108 361 341 240 290 346 383 363 209 156 185 284 296 151 124 312 191 109 223 355 174 337 388 70 164 302 241 246 170 55 32 392 178 9 260 190 104 225 51 372 71 19 94 91 44 62 270 41 1 221 278 311 279 252 300 124 383 194 362 367 12 258 194 93 60 129 355 161 63 110 375 77 375 49 156 343 121 20 195 47 33 378 72 337 116 23 169 26 72 115 352 47 178 291 212 115 359 263 13 244 225 257 389 365 308 262 184 196 395 184 300 362 27 86 219 361 41 64 368 131 297 132 136 242 375 98 81 227 111 1 356 53 157 239 233 355 157 16 169 325 247 245 145 384 180 119 184 2 313 254 58 123 313 204 360 244 159 288 314 117 340 161 17 73 274 51 202 99 283 190 318 10 68 106 385 288 6 317 323 109 116 51 92 253 345 84 181 156 379 69 15 121 362 173 356 240 4 378 171 103 114 372 90 51 206 43 332 103 225 298 257 264 358 197 284 187 246 295 82 27 230 322 394 74 219 192 
529 821
417 475 155 404 320 1 168 391 109 357 385 148 266 243 46 363 254 475 269 461 37 98 482 114 171 410 156 505 215 347 463 88 301 447 509 262 213 67 107 441 454 430 166 402 153 98 14 498 379 264 20 239 300 107 316 207 114 223 420 529 277 218 254 167 184 45 408 183 294 347 400 154 315 297 366 22 79 212 252 245 487 453 505 123 127 524 387 128 475 492 198 346 23 275 57 368 171 273 127 263 391 218 362 460 327 473 445 113 325 328 60 157 435 61 106 211 362 135 368 293 438 115 200 125 174 7 496 388 9 493 290 3 438 138 94 510 440 180 291 162 113 222 231 74 362 350 37 191 43 282 383 412 266 122 307 268 335 114 77 87 348 73 388 348 438 453 269 72 352 128 37 152 150 443 309 435 156 54 57 210 79 310 123 253 385 182 392 476 134 14 174 81 95 431 185 169 393 283 406 201 8 157 381 170 423 261 140 161 188 503 82 241 77 189 475 178 175 283 21 66 439 513 75 355 168 277 281 466 369 476 505 333 388 263 464 129 223 289 332 88 51 293 78 42 35 107 17 436 239 60 91 45 240 512 121 167 144 167 214 181 325 178 445 409 487 473 477 83 311 173 286 402 498 129 185 126 464 294 123 420 322 517 1 261 174 111 271 66 213 198 75 354 239 324 134 241 356 304 321 525 43 390 105 336 425 218 368 417 146 337 202 107 384 189 518 78 187 525 96 10 251 274 173 350 377 476 499 185 15 468 190 443 323 495 335 177 462 50 290 285 213 505 363 437 410 162 199 387 88 7 319 519 508 280 251 346 463 170 190 166 413 184 12 234 483 516 165 60 102 145 291 463 2 177 179 184 115 215 454 385 394 153 27 432 171 44 511 191 320 275 432 433 75 369 140 478 168 319 196 390 195 444 92 521 365 413 119 440 219 456 374 528 396 137 62 311 67 134 135 318 251 41 245 310 51 178 25 503 64 411 246 295 446 136 39 284 155 54 123 489 438 196 351 420 133 113 409 13 61 473 430 476 134 93 465 1 159 524 213 492 330 5 238 136 199 220 77 206 363 301 295 492 208 11 386 52 280 346 416 6 234 346 166 522 452 218 202 496 113 528 527 177 383 289 187 24 31 304 322 86 184 207 55 35 388 52 483 195 438 400 429 297 479 436 409 490 418 158 392 232 141 145 516 459 427 21 355 169 285 444 119 486 269 42 183 42 406 33 308 331 266 36 508 316 134 76 326 274 305 516 232 86 84 224 491 298 57 350 369 445 30 497 528 177 505 85 108 414 496 3 121 142 526 215 74 186 266 74 405 451 66 76 215 326 445 165 109 110 362 388 328 233 407 444 423 171 131 299 47 273 429 520 338 143 518 284 378 177 445 469 127 198 332 49 111 141 170 36 502 495 301 3 279 221 200 315 406 353 122 367 140 142 11 81 108 370 15 324 505 153 514 230 458 435 62 433 485 199 274 286 401 216 394 253 348 29 493 268 451 304 175 141 446 220 82 157 330 147 82 10 209 312 399 462 20 23 232 49 108 391 254 101 315 462 105 285 488 461 362 441 226 197 150 270 498 302 94 377 470 10 519 256 18 192 452 371 454 303 330 276 439 470 2 76 502 138 112 169 419 316 314 447 410 228 112 180 301 93 332 353 297 49 323 409 326 342 517 425 508 307 283 149 523 409 392 63 362 192 514 415 335 464 176 319 173 65 210 373 421 490 55 466 378 475 155 210 303 297 66 517 498 339 2 102 479 100 236 58 406 15 148 129 20 68 500 72 183 448 121 268 183 498 146 29 450 287 190 475 461 296 235 380 172 86 231 355 63 45 201 42 438 160 517 424 5 129 82 491 201 21 330 251 51 264 388 325 238 48 407 390 246 325 18 381 230 421 362 181 274 293 120 39 225 65 481 482 140 473 116 136 150 410 78 257 179 270 212 163 371 289 523 425 276 69 322 306 414 292 6 178 422 21 430 154 305 375 227 444 235 353 445 437 221 434 302 180 214 230 305 472 264 190 455 341 275 98 215 411 87 60 199 522 385 352 405 75 63 160 311 283 411 486 416 80 177 412 223 41 159 232 234 484 477 434 445 473 458 248 420 397 46 161 31 5 102 277 122 7 29 11 262 424 362 142 18 7 399 345 151 357 94 113 62 153 9 428 94 220 236 69 29 460 239 162 64 353 114 129 375 243 340 296 77 352 479 388 438 484 166 506 8 410 389 177 265 277 512 139 52 441 106 90 110 486 114 68 481 476 310 286 75 65 258 383 400 316 210 137 488 92 215 120 245 420 237 284 109 287 358 256 462 220 390 521 417 130 385 432 32 207 67 169 77 447 171 508 165 316 353 474 57 399 190 301 267 66 323 466 464 157 183 10 244 98 315 149 213 284 176 155 59 99 155 494 254 242 154 327 460 160 235 475 497 495 96 43 270 13 116 300 399 273 51 173 387 273 488 280 407 478 24 393 23 76 299 416 370 130 31 460 123 168 457 473 252 175 25 410 367 72 340 260 302 178 342 352 410 211 225 275 460 282 199 254 226 234 337 289 323 8 394 54 105 516 428 222 450 91 337 72 359 357 375 52 249 48 442 48 354 1 165 49 50 244 113 409 122 92 432 338 491 158 156 170 77 485 203 211 192 143 145 36 317 138 406 313 159 396 322 215 265 279 418 235 174 477 200 502 387 160 430 391 363 289 238 377 280 142 60 19 508 49 438 435 269 63 507 151 89 164 57 426 254 407 182 432 433 425 429 378 187 119 462 180 135 162 474 471 190 309 82 265 226 356 520 374 379 63 28 119 8 318 14 398 31 114 301 522 346 262 264 359 221 502 155 480 204 218 309 287 281 193 422 236 51 256 380 383 368 328 421 318 10 373 361 441 327 364 320 309 87 11 459 273 344 307 57 522 403 41 20 152 367 66 464 495 97 456 219 364 124 224 116 41 23 250 347 125 234 341 84 335 400 433 15 278 332 255 411 185 80 169 166 489 269 473 488 64 46 300 230 327 418 138 127 355 18 359 433 6 384 233 407 345 113 90 61 297 396 157 464 274 366 169 95 135 106 297 16 473 428 408 227 333 183 85 97 405 330 413 5 1 132 249 322 28 203 205 185 495 429 101 67 509 78 497 96 195 388 33 150 64 180 218 362 376 354 260 323 364 133 249 363 143 15 40 418 251 23 271 399 341 511 160 305 334 336 135 156 30 210 275 491 447 126 45 174 464 419 408 428 412 480 490 487 445 369 515 165 366 483 39 94 318 27 50 336 33 146 434 205 443 510 471 66 373 406 57 243 48 245 181 258 118 487 206 213 17 314 296 134 154 419 403 70 248 385 391 500 447 235 14 432 314 200 341 440 103 526 188 156 175 313 529 183 128 343 57 416 147 258 34 308 364 16 242 291 132 380 107 432 277 196 172 508 492 291 58 131 502 326 271 11 91 388 71 40 260 392 398 96 344 43 192 20 18 76 142 37 105 204 463 210 69 343 391 383 100 526 185 251 498 111 66 94 87 305 448 87 378 202 183 21 336 188 45 27 378 288 282 219 192 511 461 182 52 294 234 447 525 6 222 183 430 320 166 348 318 77 467 257 98 184 273 131 483 417 99 264 329 15 494 428 284 87 75 244 306 314 372 134 448 515 217 233 306 165 68 105 248 320 107 518 457 448 45 82 90 123 319 97 102 455 304 258 132 175 420 230 360 330 478 
849 1774
45 586 352 370 814 49 306 625 137 221 693 717 491 587 152 623 248 237 174 780 23 110 322 85 503 653 439 158 750 509 129 184 194 358 159 794 645 455 6 573 786 572 307 804 430 480 650 394 620 47 98 820 360 351 214 702 661 579 331 216 671 568 684 737 615 839 450 705 668 844 215 83 588 741 736 660 417 222 384 508 438 103 528 333 178 437 264 291 72 624 595 228 647 208 331 702 603 271 171 76 801 795 213 352 427 444 391 533 399 801 13 131 229 351 818 804 833 71 806 20 140 379 41 824 176 452 72 696 693 231 211 629 484 461 151 348 429 298 177 703 335 515 394 357 773 697 789 47 212 296 803 154 232 88 579 181 698 665 767 367 153 285 51 843 283 136 75 610 208 316 302 179 13 110 135 425 449 603 610 534 719 275 638 414 211 292 757 510 643 336 580 440 432 613 603 633 14 147 162 553 39 201 137 726 149 750 287 824 468 478 722 586 500 94 569 158 687 647 785 5 489 3 369 337 598 845 697 755 586 278 642 14 845 795 607 581 133 54 358 337 176 135 265 46 589 741 641 359 543 446 162 311 249 208 377 789 459 665 649 246 168 175 476 737 452 335 726 601 511 563 672 722 341 92 418 481 281 695 147 706 398 611 252 14 584 621 763 348 264 44 11 496 438 786 410 847 39 812 552 367 219 344 762 709 583 78 569 69 287 819 480 365 611 417 596 812 660 495 330 598 28 147 478 442 376 635 798 522 618 621 479 267 639 199 530 562 582 296 356 120 570 261 720 682 195 403 655 462 422 405 88 589 528 181 794 547 403 64 294 316 53 185 181 29 38 206 617 569 700 188 572 561 350 691 429 405 273 369 423 727 563 687 559 235 562 336 447 689 561 279 710 585 334 24 49 640 149 679 154 509 210 388 384 253 388 535 131 717 417 217 395 507 270 617 223 732 34 104 221 218 623 628 692 722 56 214 670 230 779 693 418 523 809 820 637 365 389 422 161 434 242 780 527 744 702 227 651 714 681 449 315 243 60 458 520 306 366 819 434 381 431 813 794 780 359 381 219 165 85 839 55 800 341 666 568 178 347 549 146 110 708 198 392 371 191 834 804 809 579 785 379 495 685 746 131 75 20 799 462 296 43 117 225 447 270 837 206 263 802 137 464 749 329 755 779 267 322 204 156 149 580 502 436 838 651 557 35 276 271 493 70 94 66 84 833 598 764 424 707 51 643 352 396 652 244 338 506 304 678 413 626 318 161 412 392 137 700 673 798 597 697 118 125 28 174 137 772 243 189 441 745 608 338 405 287 190 591 701 132 800 72 605 200 222 691 376 314 58 504 600 667 791 751 604 6 33 215 679 493 688 279 285 99 604 110 245 490 144 285 24 42 649 148 37 772 748 671 381 505 556 807 430 384 349 45 618 507 277 429 496 522 368 689 743 155 123 1 734 383 56 417 581 457 787 382 73 133 246 717 735 204 486 294 681 252 393 47 565 198 233 545 737 469 128 132 498 682 604 75 70 770 821 647 448 233 156 369 210 576 134 693 263 125 459 779 304 741 750 248 28 499 439 711 370 590 235 9 161 718 298 299 356 829 492 87 457 481 98 826 151 412 228 147 28 485 322 316 789 512 469 210 139 545 286 543 134 504 631 539 816 717 260 288 522 409 209 41 382 326 426 240 233 527 87 623 14 734 460 36 847 292 378 683 369 74 126 208 404 359 2 224 5 565 800 206 708 524 648 691 767 385 223 539 56 749 720 342 649 527 155 641 595 358 175 637 192 352 801 830 291 264 38 239 742 718 398 21 699 148 571 124 787 495 249 166 5 453 602 51 307 78 719 415 604 134 195 499 381 117 572 216 172 699 590 284 172 34 173 108 200 710 728 401 735 443 220 94 255 634 657 292 274 590 230 193 129 745 159 322 703 439 107 517 329 551 186 45 275 416 789 840 138 122 458 323 264 237 477 332 81 790 371 455 509 499 548 772 188 89 177 165 194 414 743 657 262 254 1 312 370 199 372 410 70 46 334 524 37 831 526 402 789 266 585 839 388 792 574 375 783 458 509 593 678 359 482 841 727 48 843 474 487 529 501 375 566 460 144 82 340 170 372 347 539 790 519 768 564 400 312 314 412 495 404 782 389 802 360 556 579 744 438 137 503 503 363 37 146 555 667 412 628 225 54 97 690 422 661 217 28 570 90 825 255 795 361 237 365 550 547 39 786 777 598 669 245 771 756 48 444 118 653 161 752 663 258 610 625 339 185 771 691 112 123 363 358 11 740 839 616 741 181 307 401 427 112 795 259 644 18 575 246 416 145 45 469 102 14 20 597 410 693 142 693 550 166 492 775 432 462 351 128 505 425 242 650 446 680 154 358 599 279 694 566 455 532 250 521 507 241 199 331 49 667 417 52 451 99 344 575 745 818 72 406 806 430 8 526 735 488 107 643 460 430 5 511 682 608 184 541 329 142 714 261 144 783 487 440 337 347 155 414 750 168 743 435 107 104 149 281 283 266 805 679 349 560 158 40 817 720 270 529 410 50 712 788 477 338 531 136 723 431 496 113 430 289 18 666 458 541 420 272 829 532 209 644 248 404 33 509 45 672 717 617 580 617 548 794 284 348 350 234 257 725 243 276 187 6 275 98 720 593 520 576 515 400 631 224 311 29 220 55 349 634 640 566 723 776 510 47 328 400 752 442 441 501 685 742 397 595 397 608 357 472 505 849 691 352 354 472 157 362 404 176 608 137 250 118 799 46 248 310 460 557 67 646 701 411 252 52 691 331 511 174 161 555 629 250 473 246 616 684 299 787 826 591 698 620 2 29 395 765 433 606 477 497 738 480 713 71 207 644 423 323 527 589 6 114 790 395 741 66 589 378 339 793 259 589 646 567 168 424 568 473 589 605 285 486 314 258 464 514 102 759 191 252 558 221 606 599 808 818 763 844 741 401 541 431 269 324 689 622 574 261 840 18 38 577 803 181 34 3 85 153 240 842 91 421 54 439 756 570 402 600 403 767 477 608 129 635 385 828 434 31 277 433 739 680 441 626 263 15 357 232 369 476 520 311 257 254 219 169 346 576 257 847 216 794 647 128 557 370 17 753 120 517 68 102 615 93 594 44 756 385 656 769 295 301 705 811 33 479 720 18 751 158 369 34 117 364 439 587 584 232 637 72 548 431 583 337 15 795 342 818 207 86 519 708 503 441 424 8 34 310 371 280 658 310 265 438 674 609 804 707 307 331 837 17 487 355 512 394 323 402 375 99 704 49 104 754 305 745 44 619 762 810 60 412 584 47 681 652 673 413 148 479 701 534 279 691 247 115 154 144 27 795 517 691 285 422 163 68 774 463 209 273 812 546 773 425 138 139 549 659 643 251 354 70 429 712 305 782 378 119 226 88 697 63 334 847 447 716 792 813 338 60 575 92 692 687 432 8 705 323 309 154 172 135 485 766 103 28 648 490 780 746 796 93 328 383 565 136 613 362 21 617 660 277 788 646 161 598 768 404 450 22 796 520 139 292 435 49 529 608 308 718 25 402 794 79 816 299 84 644 633 318 765 331 437 20 551 210 820 468 400 57 319 777 446 636 229 745 650 617 386 753 124 777 264 403 131 771 30 843 46 422 770 222 134 422 693 347 224 531 398 599 668 318 71 442 782 777 503 566 70 264 765 595 753 678 623 7 460 678 97 786 807 689 522 421 16 732 817 701 728 6 269 683 216 837 277 390 822 202 94 454 704 734 604 86 232 838 318 839 793 577 274 577 220 77 473 714 127 457 291 162 64 551 110 332 835 667 418 578 390 696 666 696 528 285 315 188 46 726 716 83 720 794 29 462 791 21 691 675 591 771 423 543 334 443 796 514 80 53 6 432 662 827 667 111 115 324 264 253 567 151 594 409 629 836 534 255 605 487 370 126 566 2 301 147 448 277 414 234 798 365 118 162 24 270 471 544 125 651 838 818 348 760 470 821 612 194 279 629 199 590 578 833 84 83 371 473 214 99 817 188 356 705 199 795 730 494 234 396 435 340 446 507 340 479 90 370 137 818 319 474 466 152 578 446 30 775 365 562 504 362 779 316 275 713 11 611 336 786 96 90 568 538 9 620 776 274 186 588 548 433 459 170 296 534 597 647 539 845 153 543 762 704 719 360 681 406 561 634 337 552 829 413 592 573 331 750 803 229 620 248 470 636 693 685 837 647 62 7 311 451 826 5 113 729 495 397 462 451 817 319 318 93 596 327 570 6 13 12 427 300 627 719 549 608 232 623 654 815 124 381 335 726 390 171 180 276 729 337 619 459 845 185 178 103 738 748 348 58 736 698 40 720 805 398 545 799 387 393 374 379 671 389 414 149 312 325 67 508 293 344 696 694 127 554 310 352 676 415 81 700 271 608 577 362 390 563 260 468 95 536 560 710 764 100 119 164 30 824 674 595 834 119 680 71 424 293 728 478 729 279 800 294 337 124 796 185 847 736 601 46 750 506 409 829 171 294 799 74 701 800 74 478 78 374 41 173 101 469 47 744 341 240 20 588 72 345 792 588 722 634 65 661 555 573 76 589 432 734 208 618 538 767 16 330 20 254 545 82 356 651 311 297 320 534 41 747 260 784 401 671 64 374 556 833 521 446 8 135 824 622 745 200 465 512 332 76 334 300 249 378 312 100 156 94 153 528 22 217 80 233 680 597 528 352 392 442 550 282 57 815 87 223 362 290 405 518 393 459 303 103 625 106 571 136 579 85 120 513 701 546 660 100 667 592 792 20 182 95 319 397 171 356 67 278 142 295 10 669 49 247 132 333 179 706 180 704 609 699 379 735 843 13 463 155 311 631 233 480 587 603 815 707 178 344 97 805 778 177 562 448 201 149 14 606 512 535 643 363 46 680 360 212 237 167 724 85 543 30 356 228 362 735 200 445 60 629 81 336 384 478 328 599 478 357 249 846 600 372 555 232 196 390 147 444 699 807 124 321 372 522 183 212 472 581 267 375 446 799 729 711 388 240 399 386 531 770 202 56 830 455 576 594 745 558 805 413 743 128 645 735 660 354 767 85 622 120 340 99 634 716 404 252 679 151 181 664 524 559 438 634 763 696 749 404 727 144 789 91 124 620 311 325 116 837 424 303 328 665 486 591 152 206 414 475 121 7 725 221 276 22 391 183 47 477 283 696 724 200 138 797 790 510 744 128 399 553 427 89 209 737 277 472 178 57 821 198 146 591 301 728 654 783 312 68 118 658 426 313 210 439 743 684 175 239 121 283 468 595 712 721 828 417 407 663 545 265 183 159 191 207 801 623 226 11 237 686 693 362 81 188 672 732 90 443 833 699 606 442 748 760 525 276 63 375 199 361 616 67 350 660 274 484 10 201 51 532 834 680 580 461 551 418 782 16 309 508 430 246 8 298 168 351 94 625 822 252 307 64 260 558 720 745 634 606 15 16 418 847 470 790 113 770 169 121 360 12 519 781 262 194 622 63 844 252 145 44 556 621 84 154 102 614 372 818 771 602 603 288 674 340 623 446 313 384 693 151 335 298 205 682 483 827 520 708 565 330 635 697 673 253 816 221 6 208 233 194 234 438 352 705 829 664 623 417 197 287 563 466 294 484 449 786 316 343 323 215 721 572 711 6 720 646 219 460 69 128 805 362 453 472 213 79 148 430 825 310 665 284 21 776 333 583 170 320 477 34 247 291 720 107 63 372 531 44 541 140 775 81 174 328 61 98 544 146 847 326 168 635 849 277 6 305 718 651 378 792 75 368 671 423 84 30 73 831 75 62 95 561 167 509 466 530 163 793 847 507 82 2 572 423 520 643 741 23 644 330 412 51 562 800 706 439 359 421 465 21 146 576 194 553 830 346 340 1 31 295 129 623 832 675 570 153 763 258 609 462 170 575 778 602 580 107 657 656 718 89 558 664 231 33 125 826 678 228 568 113 151 548 437 753 605 411 450 806 82 736 689 218 165 296 533 369 774 393 226 91 224 24 286 532 305 735 218 703 420 49 129 20 545 553 365 655 521 385 458 587 614 515 11 819 848 662 815 208 798 189 147 814 16 72 500 848 465 25 499 23 401 178 514 605 481 566 454 806 376 839 314 357 198 415 387 408 441 822 550 519 290 454 733 449 839 19 659 481 191 630 617 380 325 786 225 780 654 697 479 815 511 177 718 466 826 413 612 705 164 846 373 494 354 254 319 44 717 264 340 493 691 770 162 27 516 275 219 332 629 684 247 238 328 267 803 756 326 547 834 260 411 127 586 172 308 311 216 477 55 751 316 566 797 413 625 450 602 322 463 843 463 240 206 139 803 651 441 541 678 320 570 721 487 576 402 81 742 531 566 378 826 197 90 160 814 481 238 242 583 421 291 471 158 841 44 370 787 279 813 183 175 731 540 94 28 70 135 419 849 471 71 223 235 85 103 53 447 7 428 284 556 798 566 349 610 680 683 229 528 646 518 375 86 430 599 816 376 687 829 400 569 717 323 817 164 59 426 171 670 64 753 510 148 139 727 276 584 287 153 313 46 555 514 453 824 131 121 394 340 743 430 91 849 648 694 91 215 823 213 472 184 137 165 793 318 164 553 545 181 259 660 112 385 680 574 154 822 780 209 191 523 500 129 573 778 82 355 137 86 157 105 417 485 705 76 347 353 732 750 60 653 508 588 622 661 317 234 441 341 271 514 72 793 593 490 614 313 803 420 153 579 710 829 780 666 126 153 478 20 444 264 399 620 837 213 262 11 374 737 613 77 709 710 666 358 489 261 120 258 140 229 551 322 652 787 488 752 450 177 537 28 372 295 663 656 136 706 266 36 55 33 178 100 293 361 393 530 494 319 614 274 20 503 371 124 610 508 382 198 403 229 139 823 394 418 755 641 371 249 173 573 434 135 733 753 292 706 42 670 624 171 179 489 287 55 92 276 477 615 744 612 631 187 657 84 276 267 126 685 538 633 78 596 667 327 467 786 829 421 455 137 33 488 272 226 347 429 701 206 771 236 473 763 55 396 713 782 741 827 266 410 424 185 465 52 823 443 479 555 596 242 20 101 28 377 656 592 607 601 598 299 17 540 422 582 385 406 93 649 563 256 816 139 65 790 68 499 823 715 48 468 732 297 214 505 600 326 345 103 192 158 230 405 498 492 616 467 484 30 314 43 617 660 81 223 166 401 164 512 193 136 796 139 436 520 492 697 498 373 47 154 83 645 208 83 639 197 355 395 111 240 645 612 24 832 345 795 483 684 605 644 756 81 496 407 379 806 600 74 372 132 450 818 585 653 708 432 152 800 402 28 332 435 135 289 769 666 273 564 266 184 736 471 326 719 372 717 98 695 500 203 351 546 385 767 176 85 398 615 319 672 83 186 116 570 143 321 360 421 71 814 650 157 493 751 154 773 428 133 574 653 215 806 527 261 290 115 415 79 161 358 650 110 7 382 478 147 128 222 656 77 829 378 372 360 697 362 598 315 762 821 774 480 725 301 565 757 77 446 779 377 7 496 781 275 593 401 191 718 356 118 672 846 714 483 420 514 62 98 39 167 839 341 112 322 176 141 649 345 168 709 173 792 214 31 251 422 252 712 827 561 746 654 34 489 218 150 637 438 350 708 690 755 781 6 719 39 800 702 498 98 758 758 699 741 435 539 835 570 151 646 227 320 190 570 641 320 426 563 9 746 275 410 398 437 577 242 443 671 335 712 212 702 148 528 124 127 243 754 434 214 133 154 190 699 427 574 309 468 50 710 249 348 647 22 754 417 359 499 568 52 731 385 800 713 718 357 466 148 291 109 774 219 617 84 412 782 223 601 690 126 718 46 607 374 282 786 286 413 173 171 483 21 482 615 612 531 608 500 136 66 502 376 41 480 23 244 335 636 637 787 765 407 760 346 347 840 342 686 711 450 582 811 5 611 718 442 423 188 595 466 413 796 792 254 392 588 187 24 384 277 422 608 64 717 835 549 154 303 704 64 661 793 815 772 165 740 437 626 551 271 269 154 27 689 782 
1000 2874
109 153 94 362 33 618 406 818 421 400 963 942 928 920 604 938 249 836 167 680 957 30 812 582 81 789 239 310 478 880 534 2 742 182 763 121 36 746 298 458 957 348 543 589 747 743 651 382 164 321 61 304 118 12 695 26 88 795 620 145 953 11 686 901 731 617 766 20 233 296 37 255 635 946 629 720 917 569 870 151 401 273 260 611 954 313 463 470 87 372 399 718 25 615 522 224 522 751 147 80 456 531 282 30 988 734 471 618 142 770 472 649 763 616 541 80 614 378 62 226 309 76 574 965 264 938 340 636 117 889 136 160 164 917 536 826 707 235 462 533 209 1 15 79 424 595 440 896 826 29 589 907 852 107 537 527 289 843 526 340 193 211 232 209 360 586 989 77 238 580 47 507 212 17 310 414 676 753 164 786 984 952 567 694 965 143 891 519 902 300 81 855 356 701 879 292 498 779 547 587 232 227 57 706 351 954 631 913 950 797 363 119 521 875 342 712 213 638 927 787 327 585 393 305 727 945 283 132 646 523 999 802 974 340 105 9 76 976 214 59 372 716 91 425 497 632 947 953 846 332 895 998 410 18 663 958 260 679 306 757 547 870 310 228 282 571 817 835 548 741 817 956 789 339 570 119 270 954 850 317 464 543 856 38 908 280 18 549 178 171 831 851 926 610 775 381 595 823 834 968 417 892 93 735 800 305 539 715 352 445 752 963 656 954 563 979 462 906 740 45 9 902 588 772 805 187 423 825 989 382 773 574 716 585 97 774 670 499 318 939 588 98 368 921 947 965 277 652 940 959 767 296 1000 150 823 73 107 25 818 845 535 69 312 722 888 401 293 59 177 523 291 436 163 710 905 881 616 820 366 73 395 900 78 252 793 46 535 102 397 452 120 919 96 209 28 877 232 199 224 971 461 696 101 671 266 560 496 383 660 247 362 272 110 446 501 296 601 366 119 415 240 280 558 978 578 591 835 863 507 219 772 132 714 411 571 17 716 756 153 526 609 60 593 7 100 259 34 721 526 233 621 425 760 172 977 63 515 146 113 741 61 985 242 271 629 648 44 847 81 335 37 51 933 646 683 887 310 590 204 389 507 227 639 635 120 493 36 73 762 372 759 980 442 401 466 367 400 208 896 725 59 365 65 344 509 661 634 263 713 576 830 276 561 601 378 404 581 254 276 252 545 302 297 825 651 540 373 73 674 281 317 674 895 208 211 108 574 209 628 940 761 554 934 363 888 881 144 157 26 253 795 533 784 450 77 704 778 388 819 72 559 424 142 269 416 140 985 791 899 951 66 732 50 725 681 691 880 603 512 177 849 807 492 513 195 535 744 217 332 401 329 160 563 179 34 501 647 727 567 583 169 984 530 865 946 537 703 592 220 681 737 366 359 482 843 748 554 399 235 327 240 782 535 218 58 339 949 16 43 940 980 758 375 450 506 269 671 973 170 294 613 604 502 645 718 11 509 952 951 888 944 39 669 504 722 984 104 675 412 861 873 97 505 102 543 529 303 831 9 518 654 660 632 805 696 872 426 19 957 108 986 384 378 25 776 68 686 785 816 27 52 265 791 22 863 395 731 972 770 578 274 285 285 321 350 556 156 751 696 266 193 525 369 644 456 879 149 139 580 532 863 249 290 830 89 988 155 973 804 757 694 44 107 524 221 534 553 591 235 864 99 629 753 347 765 22 968 193 443 491 659 780 621 297 983 987 481 337 718 651 308 574 672 936 263 178 548 199 126 853 428 354 730 247 995 466 408 156 54 541 736 529 979 644 181 115 639 2 880 669 223 273 210 313 111 398 263 425 487 600 173 531 609 285 568 471 593 670 989 745 618 712 980 596 121 614 440 214 694 83 440 1 782 964 778 772 177 737 103 142 717 600 724 987 38 721 58 781 123 595 622 993 937 50 527 160 164 948 584 338 661 72 60 898 868 591 98 765 872 640 571 998 831 422 324 604 368 518 934 977 358 469 299 163 569 469 602 410 3 940 524 41 79 405 907 854 601 608 373 866 973 872 566 538 618 791 221 243 637 468 733 272 722 315 720 964 610 320 50 615 359 102 704 930 617 164 110 782 847 985 522 61 243 585 306 751 512 237 77 966 55 280 142 656 30 435 196 143 61 638 916 972 662 180 2 823 561 864 365 897 816 331 63 215 461 801 853 58 800 549 305 836 684 591 943 116 726 31 846 698 861 574 20 509 145 519 80 640 802 533 76 687 903 477 331 134 812 990 146 544 122 451 38 402 367 121 864 457 395 562 943 787 281 489 295 589 921 843 280 12 998 582 655 485 314 470 516 662 15 649 485 916 848 430 514 639 591 65 858 443 82 665 959 683 600 208 447 364 728 8 834 772 866 646 646 846 120 765 136 588 356 758 122 68 193 89 70 444 288 848 897 542 711 767 369 703 771 21 155 130 339 961 614 525 307 85 848 862 993 712 330 162 926 120 819 184 262 623 720 988 262 393 140 788 330 437 344 518 997 924 589 528 729 714 123 37 683 597 474 113 832 208 251 608 474 293 638 293 393 646 696 928 1 800 2 130 538 78 917 309 361 661 964 994 527 534 748 538 380 297 731 854 911 198 1000 25 308 182 408 868 441 822 664 214 856 456 218 961 510 194 682 942 134 390 470 132 908 336 399 297 533 908 216 796 162 500 721 502 761 332 159 716 914 290 587 371 503 90 416 873 601 848 364 751 267 837 24 374 209 708 278 459 830 94 871 633 164 842 255 121 171 859 56 894 334 535 219 528 906 122 614 643 669 238 808 424 916 290 401 762 382 636 90 364 418 957 842 703 986 129 493 710 422 145 919 689 629 976 917 753 877 695 383 438 643 981 59 39 735 941 612 296 683 326 227 917 442 20 320 524 793 323 996 205 270 814 844 356 860 571 429 343 139 990 858 370 278 826 583 286 93 125 95 458 712 966 964 53 754 553 779 813 425 381 326 158 776 843 878 615 533 879 280 390 306 507 949 910 716 796 460 510 718 802 523 524 428 862 88 662 886 702 788 428 222 931 186 624 474 204 449 637 259 234 131 621 78 405 530 725 280 528 819 227 359 938 58 699 937 135 904 741 829 601 595 214 665 395 119 612 963 202 284 179 212 330 48 269 938 953 675 993 655 628 580 18 522 532 340 35 511 201 116 737 272 224 259 595 711 537 405 649 263 506 384 187 667 857 624 849 102 912 524 534 5 788 338 67 165 266 887 555 311 176 356 42 304 996 379 740 148 438 20 48 224 59 812 318 346 830 800 532 333 950 863 431 909 95 526 219 869 555 859 962 827 597 509 28 706 396 144 385 56 616 444 990 606 525 440 81 920 842 505 306 825 770 323 126 947 540 581 981 245 727 500 934 23 644 613 292 292 397 983 956 301 234 510 515 574 274 904 315 155 299 855 164 10 244 50 124 700 691 490 32 383 323 317 402 919 700 852 744 156 419 607 611 74 130 696 986 445 337 94 462 883 582 989 258 793 533 277 37 326 468 156 560 419 571 673 509 629 653 971 292 63 132 90 617 569 261 126 525 85 620 330 312 962 949 366 282 672 939 153 645 498 419 16 572 390 169 623 788 49 391 631 388 406 176 644 139 393 14 792 98 146 322 168 506 854 786 385 332 921 155 643 632 255 399 775 706 279 166 338 578 663 880 432 727 231 145 800 514 55 783 985 282 667 734 189 251 976 12 41 410 853 185 866 707 713 323 28 882 964 563 35 473 346 690 945 397 93 664 66 315 828 818 381 584 916 713 757 984 748 196 912 682 825 411 806 383 166 455 136 219 818 535 217 127 743 304 828 220 304 204 745 250 223 288 503 483 392 866 164 184 804 343 382 678 517 659 915 62 857 927 658 58 514 99 624 696 625 586 889 447 317 313 686 600 700 41 487 182 571 130 437 569 183 87 6 704 555 226 363 103 364 805 951 119 830 561 664 68 102 745 802 1 566 456 922 581 30 115 246 537 872 974 224 644 842 662 326 902 268 210 605 867 593 843 514 337 938 406 943 652 783 110 168 530 231 712 786 269 673 986 437 340 800 552 827 833 621 548 724 238 278 803 207 474 653 509 186 870 476 788 395 801 23 882 547 195 89 568 766 223 513 306 473 965 417 802 247 701 83 296 712 666 960 593 60 343 738 551 166 526 713 790 952 770 629 449 439 491 223 195 567 891 427 36 495 154 783 100 444 596 731 301 413 771 768 847 138 866 801 433 701 224 762 172 549 315 378 236 569 937 625 355 174 141 786 561 461 22 787 573 283 795 184 216 737 47 724 772 411 517 333 1000 281 306 327 534 435 914 438 547 971 994 620 166 284 7 621 699 986 9 283 464 834 13 338 324 408 633 839 24 693 727 643 289 764 344 202 681 858 853 151 876 936 507 586 108 311 672 60 938 88 188 134 719 862 926 983 286 436 164 285 40 579 522 728 137 972 759 13 214 826 846 987 355 514 947 799 519 418 320 393 966 133 719 21 535 321 872 195 425 272 764 549 201 49 661 254 200 69 697 296 778 365 717 326 354 271 418 424 138 56 435 611 87 522 600 68 248 316 706 806 395 691 811 485 861 508 887 646 507 454 155 669 52 515 852 501 937 378 476 386 585 12 484 24 165 488 361 181 420 77 567 330 287 724 180 599 99 325 634 910 607 620 300 23 919 649 492 192 607 843 947 784 919 417 416 826 93 406 349 30 752 465 784 690 245 724 714 64 244 757 639 895 260 371 254 923 793 927 32 119 217 648 304 629 770 701 808 62 769 755 67 335 98 137 920 311 979 141 384 375 539 731 151 5 320 648 847 596 574 513 812 358 632 83 998 467 878 130 117 954 266 970 144 336 791 290 251 577 489 949 154 858 48 986 466 81 670 373 244 524 678 317 984 759 714 991 860 527 571 60 539 203 515 681 456 916 889 760 102 580 121 732 751 144 579 569 971 218 892 841 762 155 676 714 702 751 235 526 278 610 939 177 66 858 264 744 497 973 563 917 209 289 782 843 110 737 881 695 344 111 192 134 848 784 468 582 64 396 217 633 55 605 418 557 210 606 72 241 686 388 30 309 753 644 106 217 826 947 573 522 831 139 109 399 748 537 869 875 109 638 386 103 746 265 962 790 481 162 212 969 774 552 225 572 297 384 908 692 113 721 615 111 130 41 791 520 248 435 133 769 228 56 770 882 576 261 547 599 509 161 80 161 60 211 119 759 342 681 252 983 312 457 703 150 982 728 401 917 348 703 449 795 364 741 988 577 958 832 375 220 241 100 749 616 854 992 636 78 919 19 861 697 432 588 4 310 894 233 916 537 299 654 930 692 174 286 718 178 543 934 420 292 143 492 228 383 890 26 843 541 850 867 301 296 630 917 745 266 889 281 135 939 655 570 752 394 607 220 798 505 840 854 938 764 114 313 420 328 651 853 413 712 670 280 235 359 518 904 17 660 952 476 697 427 672 947 727 353 158 638 265 585 515 360 634 538 60 865 768 979 782 587 361 819 754 994 627 722 356 938 223 827 113 871 613 461 496 149 741 932 357 156 168 912 536 358 339 322 251 803 263 312 141 317 548 997 819 987 789 621 775 939 198 854 757 674 599 434 10 701 252 24 852 348 565 476 685 63 879 891 263 17 208 552 694 91 682 30 253 824 331 608 277 479 486 920 912 873 327 506 669 871 647 570 262 286 102 155 415 208 10 333 60 402 146 67 360 855 502 160 409 489 744 217 683 748 149 482 251 340 466 649 815 709 710 65 952 70 804 594 655 750 552 970 397 930 548 395 243 339 990 302 987 201 295 682 649 805 870 164 860 668 541 425 413 332 254 174 971 715 228 225 112 132 205 966 294 691 231 236 747 543 857 787 132 453 815 580 336 771 463 495 313 794 648 549 353 507 758 319 123 1000 208 876 955 270 904 697 645 147 356 206 651 689 322 489 625 996 109 980 786 576 242 784 714 417 256 474 410 333 214 823 960 332 849 647 603 825 566 291 449 385 45 647 63 608 402 895 641 332 469 802 368 203 224 889 766 86 94 32 335 583 922 989 1000 539 286 577 22 993 768 610 851 451 441 812 407 658 85 381 778 629 427 187 838 154 778 969 466 36 940 469 357 295 152 973 93 873 108 374 164 889 525 797 48 507 434 537 157 834 184 719 149 852 275 174 817 985 865 855 119 267 731 895 321 166 275 451 461 637 133 68 463 12 225 661 603 229 731 672 151 208 426 849 279 515 760 65 279 985 721 510 511 913 21 231 889 115 531 579 420 527 940 778 659 181 565 287 581 13 134 733 668 140 968 900 514 426 671 787 28 14 234 842 485 9 963 913 614 187 309 17 933 630 114 266 283 627 886 576 305 280 406 73 157 762 714 323 935 572 912 324 855 771 290 730 737 514 396 19 700 940 179 11 515 688 198 842 269 881 883 170 412 988 155 242 448 612 815 150 193 665 577 456 160 819 345 547 467 633 687 827 635 590 818 473 447 745 174 334 933 826 13 118 653 813 491 459 752 258 782 553 133 694 624 744 302 71 926 450 158 748 157 706 902 968 906 948 881 98 299 663 720 513 425 109 117 941 7 906 219 452 177 84 322 973 763 833 865 514 382 606 539 266 828 500 560 193 948 120 592 760 364 681 288 97 44 548 131 93 36 212 275 413 910 514 968 289 248 706 15 820 149 130 400 124 198 91 357 345 308 671 30 669 830 689 615 377 130 914 815 434 710 397 613 276 385 941 388 474 708 814 40 963 311 348 930 5 621 916 678 905 743 502 760 185 814 437 600 936 932 807 855 228 355 367 112 359 889 634 525 849 840 99 547 549 280 318 832 945 693 95 112 709 901 600 65 514 470 195 657 469 204 134 227 365 127 619 547 106 863 233 859 234 520 637 991 151 918 153 516 819 218 957 973 381 379 326 578 99 929 553 455 377 803 263 3 462 996 88 821 251 981 551 611 504 838 800 425 530 906 747 834 830 877 751 244 273 883 414 131 364 974 492 631 763 960 893 258 945 409 400 900 889 476 760 1000 906 465 271 302 90 763 990 806 643 82 350 133 841 52 183 490 141 773 765 280 767 624 517 347 378 952 190 744 219 766 646 982 78 288 192 357 930 127 444 217 995 292 234 24 542 705 623 47 971 802 647 58 321 48 659 875 52 725 481 59 577 310 855 600 457 345 330 816 820 399 795 408 205 257 820 355 948 597 56 234 854 873 348 839 321 992 906 947 52 502 530 525 395 237 818 217 884 653 78 730 248 631 917 567 66 972 882 454 616 745 444 127 858 792 37 765 548 388 357 973 967 200 332 677 681 749 148 75 954 500 380 168 469 206 386 905 575 818 836 229 579 885 142 236 420 835 734 509 907 312 860 898 234 436 976 329 227 412 245 747 691 774 234 568 326 929 180 938 114 484 555 728 380 963 265 872 123 917 532 601 742 480 383 673 605 355 138 508 944 928 562 275 405 178 824 591 621 933 52 388 604 199 619 392 398 407 385 932 591 6 259 113 5 879 160 947 66 926 186 633 638 177 908 589 815 570 234 904 124 289 441 151 993 80 691 72 616 347 61 490 260 745 542 333 258 411 924 405 195 192 701 605 522 500 893 899 293 491 818 612 236 770 516 951 972 645 607 330 949 332 634 771 347 530 588 968 697 443 114 867 90 404 81 305 85 823 181 62 867 672 310 479 78 636 346 376 443 749 123 984 444 392 651 841 413 180 17 270 563 787 48 362 10 55 171 241 462 382 487 45 103 505 622 756 740 587 293 714 932 662 7 346 939 687 281 763 989 854 427 468 94 366 431 763 893 189 860 723 555 821 232 730 250 850 212 877 409 924 954 962 892 251 640 51 571 214 987 568 447 154 33 28 975 62 756 912 966 698 452 73 412 415 246 359 338 524 382 445 826 119 888 815 101 50 697 895 22 799 504 827 782 454 846 809 176 875 313 809 992 34 122 328 274 587 10 51 634 266 17 408 913 775 798 687 533 154 435 880 278 264 115 850 903 192 885 198 533 367 734 442 892 845 131 122 274 505 937 162 877 640 532 61 493 813 97 39 19 46 742 663 122 41 39 480 626 454 770 950 717 138 190 673 395 936 753 988 419 837 914 144 823 753 416 15 843 628 26 573 42 991 895 197 614 999 997 450 695 158 517 439 744 288 568 578 553 312 276 487 495 285 754 493 297 293 422 945 869 578 323 970 786 308 189 19 220 363 319 276 725 521 434 814 996 325 108 694 745 3 675 735 761 434 391 431 774 454 688 931 989 242 910 436 73 166 331 956 330 35 286 358 15 27 388 147 414 107 810 879 349 304 503 399 430 638 907 408 308 988 297 986 833 832 565 581 372 70 54 7 436 294 884 135 910 334 822 835 690 802 520 960 957 520 763 996 186 949 299 307 344 642 394 185 967 347 862 765 148 219 787 480 32 136 478 760 140 516 253 990 475 522 733 540 592 545 407 336 363 452 859 100 757 467 84 205 880 855 424 626 249 86 621 718 45 249 769 812 261 265 159 936 607 774 50 43 193 899 224 964 670 407 807 177 588 947 333 562 894 400 707 617 910 36 701 465 688 942 878 538 312 349 417 831 784 703 799 702 125 263 167 326 637 918 368 638 414 518 780 537 647 24 993 410 911 90 831 263 274 814 34 901 796 341 111 758 166 996 761 631 630 270 938 868 434 358 493 897 353 113 265 759 336 44 83 907 579 695 617 769 711 33 851 983 597 586 192 11 641 473 629 7 721 752 367 752 980 320 626 62 999 414 875 785 541 57 204 474 89 941 591 372 880 602 252 546 79 644 52 256 657 513 512 976 476 21 614 424 738 874 367 634 947 141 611 535 794 143 17 710 667 86 560 735 301 902 326 315 247 152 338 601 234 36 285 483 131 818 724 498 749 308 719 324 645 469 274 717 883 649 742 631 735 511 748 468 356 236 664 479 106 769 448 968 857 979 512 753 826 20 900 304 234 211 180 104 811 685 796 476 500 38 876 775 210 366 853 981 937 569 1 499 686 251 772 406 64 601 623 487 163 739 167 837 399 951 989 764 339 489 765 936 366 178 321 979 32 484 781 150 361 414 235 863 824 486 754 106 440 57 899 946 425 703 721 610 319 1000 47 758 541 628 299 990 261 701 107 849 690 800 380 395 499 60 5 541 560 625 118 445 900 814 674 120 56 877 360 106 897 54 421 318 961 244 578 671 209 159 88 945 578 775 539 653 377 500 247 928 35 219 885 21 608 167 607 979 103 229 58 912 575 611 548 169 574 510 471 135 673 932 951 860 950 251 354 728 421 370 781 607 335 904 333 331 238 412 655 449 190 983 964 909 794 227 834 713 691 6 318 227 368 237 424 434 828 465 197 880 363 313 808 29 313 246 946 231 598 366 590 815 576 960 843 159 362 789 293 547 405 863 594 511 788 296 41 242 664 758 154 613 835 446 799 521 759 667 87 681 887 82 266 590 623 394 779 545 167 610 236 914 698 128 503 78 948 877 178 407 781 631 220 155 8 933 659 876 62 142 662 597 672 191 565 267 195 66 538 540 393 881 233 192 59 245 218 268 730 389 668 466 642 924 137 799 574 977 271 954 670 568 333 585 101 798 71 891 128 935 235 437 313 273 451 731 644 331 839 978 885 958 257 597 23 155 661 143 787 54 884 714 10 63 711 968 830 838 895 737 882 949 425 123 694 275 518 572 360 4 486 937 4 532 981 364 10 730 910 379 516 205 664 452 351 990 61 28 855 977 725 160 271 327 372 535 780 785 807 940 751 474 177 175 653 357 773 390 856 498 416 291 933 159 557 387 243 541 886 58 150 269 20 707 366 657 203 380 395 895 698 409 414 158 133 183 519 356 884 238 814 789 365 461 850 611 474 930 487 19 415 479 71 632 706 796 514 801 475 362 309 847 227 573 954 507 344 540 488 734 869 764 223 608 123 199 981 170 75 793 58 978 887 83 627 385 316 603 604 929 487 445 423 234 867 65 654 107 876 269 866 999 857 386 773 164 753 183 597 864 280 812 823 869 225 879 266 467 235 78 776 576 866 863 588 36 849 91 304 366 138 15 10 865 333 28 734 204 135 841 661 939 706 394 429 154 460 659 151 82 745 836 197 826 751 39 832 716 776 669 411 658 833 791 88 962 412 453 795 456 246 489 3 114 963 632 724 18 930 229 451 925 278 103 855 972 579 772 183 150 95 552 174 83 714 676 914 896 707 333 788 451 142 975 110 429 319 988 190 962 15 272 938 655 581 738 193 936 505 37 511 718 917 105 620 996 937 349 136 372 628 906 743 467 705 689 444 59 953 16 539 167 811 718 807 781 995 851 492 986 824 617 525 559 615 275 161 373 359 357 511 615 584 685 10 473 888 947 500 372 407 896 849 266 581 989 69 577 475 109 79 14 27 558 70 190 335 370 982 555 948 855 377 367 485 565 526 460 836 253 872 540 784 912 89 443 850 198 549 598 877 275 716 460 751 180 71 116 117 143 472 741 995 8 968 662 677 748 708 849 965 58 297 158 122 443 533 625 237 365 765 239 975 606 180 128 80 983 288 760 796 869 271 540 281 52 156 469 525 109 684 255 216 993 110 356 222 105 289 963 376 498 428 898 183 454 568 821 277 255 153 784 346 410 472 640 898 202 792 430 889 602 923 995 930 731 668 631 328 781 568 387 406 314 885 970 87 371 253 361 674 480 298 208 122 238 240 910 102 253 765 564 203 832 965 297 706 185 600 685 989 763 131 651 148 498 504 724 897 772 170 193 447 591 350 848 3 944 558 799 207 603 606 782 9 159 97 660 441 412 75 881 107 520 166 905 202 438 878 959 622 39 191 184 340 833 456 808 977 103 557 158 384 960 312 642 87 708 486 549 516 901 996 799 955 508 953 854 904 660 325 36 909 795 342 197 539 903 770 285 820 408 675 319 67 171 117 128 694 43 776 916 260 849 483 97 413 803 19 139 429 767 639 569 202 519 868 295 391 929 737 775 212 981 896 365 942 411 975 528 891 130 601 143 505 177 745 225 178 949 492 659 432 399 3 869 860 414 716 239 421 57 256 747 356 860 229 765 313 560 491 754 844 772 472 558 790 708 237 591 173 55 905 290 913 843 433 771 441 216 477 888 436 225 652 28 885 830 997 202 152 68 580 207 290 473 299 413 504 347 292 956 733 402 663 402 972 842 559 736 171 634 294 958 692 394 88 87 737 627 774 278 673 267 392 749 423 830 54 450 933 286 34 615 347 68 396 141 601 940 999 573 581 786 398 57 429 440 321 540 985 522 292 595 461 606 142 204 930 713 327 927 572 970 985 41 785 746 176 257 410 895 185 461 320 97 148 354 637 693 29 304 320 104 209 723 716 479 767 425 673 584 347 776 919 757 8 843 893 134 866 844 794 330 767 557 532 741 304 376 889 603 350 826 222 212 326 803 38 386 505 610 194 892 173 629 30 978 140 141 474 95 32 988 695 171 813 800 242 502 676 82 485 107 830 368 529 338 976 226 7 611 604 474 639 373 604 798 165 515 420 502 955 760 17 956 688 365 920 840 964 732 809 51 217 685 910 418 66 929 90 781 227 536 846 377 660 201 836 663 352 550 24 88 219 131 885 767 789 601 668 244 601 771 806 858 795 493 895 935 610 773 271 533 867 473 398 833 830 492 811 366 562 894 899 639 541 790 698 753 74 484 817 640 459 100 74 182 913 180 875 884 549 702 534 998 257 656 824 589 341 269 173 342 845 739 484 388 188 979 963 612 796 592 940 401 659 226 11 220 797 643 511 256 968 82 151 243 595 384 372 64 290 946 29 323 170 117 450 914 132 332 567 216 340 515 680 139 735 65 392 706 937 297 222 548 442 752 12 887 731 408 298 467 729 746 317 766 715 763 791 784 375 559 352 168 542 915 860 688 902 768 918 932 575 62 933 811 72 228 477 861 155 186 980 90 601 891 823 397 962 411 235 203 910 152 901 622 667 132 630 150 312 582 181 168 539 668 646 522 888 970 100 436 884 793 236 14 583 597 571 69 714 216 453 988 301 346 292 381 791 150 130 377 294 751 635 334 620 281 163 75 611 329 935 90 797 394 258 332 406 120 708 171 615 489 256 752 754 23 259 251 647 277 756 200 347 42 970 708 189 466 689 89 791 909 996 917 643 992 851 654 469 359 883 144 482 352 883 684 324 826 873 584 713 748 353 770 842 852 74 206 456 425 498 422 349 244 237 219 11 721 690 871 695 501 669 760 151 189 93 244 112 4 896 999 402 62 3 797 927 164 892 117 563 619 509 286 832 779 418 935 656 918 308 131 838 193 794 415 210 705 811 426 790 173 653 350 192 997 300 899 80 204 110 928 409 953 460 363 130 211 627 191 915 522 302 544 633 424 624 790 889 386 927 783 687 520 259 412 489 824 592 391 970 685 529 969 115 404 257 845 271 344 724 484 415 905 892 652 245 754 986 685 826 407 488 968 738 88 179 149 414 512 788 398 622 606 136 198 182 278 73 981 990 550 641 402 485 830 220 447 364 8 220 273 108 486 563 276 228 201 44 158 272 601 793 616 973 953 371 312 220 305 109 48 908 212 566 585 140 801 49 909 830 936 648 863 227 910 148 310 47 755 230 27 696 288 108 115 513 989 328 30 215 837 440 682 637 493 688 52 653 987 110 658 822 456 93 883 756 235 174 241 482 304 873 734 743 462 764 875 210 272 245 859 134 722 640 846 373 325 993 345 775 494 714 578 937 37 969 3 643 195 827 976 720 729 882 225 947 904 934 790 647 127 450 73 793 730 313 963 525 129 963 508 157 822 268 625 472 622 323 162 521 519 788 349 536 173 558 746 402 528 499 580 520 813 589 621 74 430 778 988 955 40 275 435 660 200 272 734 656 86 439 21 213 797 841 408 76 98 972 81 521 243 895 482 997 858 893 996 712 994 225 134 433 282 755 465 823 522 177 258 736 180 893 85 648 832 90 375 849 156 502 21 733 401 781 575 
